$ 1 0.000005 69.34413510434165 57 5 50 5e-11
165 240 128 256 128 4 4.999418298864946
R 368 32 368 16 0 0 40 5 0 0 0.5
R 560 240 560 288 0 3 20 2 3 0 0.5
w 400 64 400 192 0
r 112 304 112 240 0 220
w 208 64 400 64 0
w 208 256 240 256 0
c 208 256 208 304 0 0.00009999999999999999 2.265422964111749 0.001
g 208 304 208 320 0 0
w 208 224 208 256 0
w 208 224 240 224 0
r 208 64 208 224 0 4700
w 304 32 368 32 0
w 368 32 368 160 0
g 336 288 336 320 0 0
t 208 224 112 224 0 1 -2.734577035888251 0.5858851090688695 100 default
w 112 208 112 32 0
w 112 32 304 32 0
162 112 304 208 304 2 default-led 0 1 0 0.01
w 368 192 400 192 0
w 304 32 304 96 0
w 48 240 48 304 0
x 246 251 251 254 4 10 6
x 246 218 251 221 4 10 2
o 2 32 0 4102 5 0.000390625 0 2 2 3 ctl
